0.23585496842861176
0.3527072072029114
0.29460787773132324
0.28615671396255493
0.2457924783229828
0.24877390265464783
0.29670950770378113
0.28997689485549927
0.25595226883888245
0.2988705635070801
0.29535970091819763
0.22805039584636688
0.2502687871456146
0.27941086888313293
0.24678601324558258
0.30215251445770264
0.3616570830345154
0.31565362215042114
0.23919567465782166
0.29379820823669434
0.19576209783554077
0.2843235731124878
0.22436027228832245
0.1995934247970581
0.2730051577091217
0.29524320363998413
0.31382912397384644
0.2503921687602997
0.2758653163909912
0.1994532346725464
0.2935238182544708
0.2668495178222656
0.2376016080379486
0.2701541781425476
0.3864513635635376
0.3326115906238556
0.31237098574638367
0.3038845956325531
0.2238757312297821
0.3111620247364044
0.3815743625164032
0.22793343663215637
0.29382920265197754
0.24667669832706451
0.4017385244369507
0.29314109683036804
0.22986650466918945
0.30828148126602173
0.31854015588760376
0.32049277424812317
0.35683339834213257
0.26517733931541443
0.25341442227363586
0.21530656516551971
0.34791359305381775
0.3285285234451294
0.3168322741985321
0.3016223907470703
0.22779200971126556
0.331983745098114
0.30010950565338135
0.3279021382331848
0.32333046197891235
0.2832953929901123
0.2387821078300476
0.2925108075141907
0.3341226577758789
0.3390766382217407
0.23305386304855347
0.3173762261867523
0.4457360506057739
0.2452884167432785
0.2848323881626129
0.2686516046524048
0.3106689751148224
0.2944679856300354
0.3284248411655426
0.32636064291000366
0.2262232005596161
0.3416943848133087
0.3388323485851288
0.30641260743141174
0.36274483799934387
0.3223775327205658
0.3634348511695862
0.25275394320487976
0.3487050235271454
0.29187533259391785
0.3090219497680664
0.34132787585258484
0.3259737193584442
0.29510706663131714
0.29030951857566833
0.21950958669185638
0.3146529197692871
0.374496728181839
0.3967236280441284
0.3131715953350067
0.3023878335952759
0.2586025297641754
0.31367775797843933
0.245090514421463
0.28144168853759766
0.2670479714870453
0.3324112594127655
0.35941535234451294
0.2582506537437439
0.3448082506656647
0.2894518971443176
0.3158523142337799
0.2725827991962433
0.3277858793735504
0.2918209731578827
0.3699797987937927
0.29527220129966736
0.22268924117088318
0.3436577618122101
0.2771861255168915
0.3068758249282837
0.2971692681312561
0.3205733597278595
0.3190445899963379
0.25749942660331726
0.36742833256721497
0.4004075825214386
0.24982388317584991
0.2821222245693207
0.28264284133911133
0.32461854815483093
0.3883664906024933
0.306940495967865
0.23581914603710175
0.31279903650283813
0.3371894955635071
0.2580908238887787
0.28679952025413513
0.25736552476882935
0.22776195406913757
0.30785176157951355
0.23336361348628998
0.3356259763240814
0.21198144555091858
0.23100173473358154
0.32113754749298096
0.2504677176475525
0.24736931920051575
0.22820892930030823
0.31923744082450867
0.2527865469455719
0.2921253740787506
0.3561120331287384
0.3491170108318329
0.2446705847978592
0.264769047498703
0.2952176034450531
0.2030765414237976
0.31258338689804077
0.21602027118206024
0.28968822956085205
0.3234846293926239
0.26253411173820496
0.318072646856308
0.24155940115451813
0.38697928190231323
0.41346389055252075
0.24467110633850098
0.24599510431289673
0.37472692131996155
0.27081605792045593
0.25400641560554504
0.3285400867462158
0.26613849401474
0.2681005895137787
0.23335862159729004
0.29653507471084595
0.3525555729866028
0.2638694941997528
0.36684608459472656
0.3316085636615753
0.2840803563594818
0.27974069118499756
0.23527172207832336
0.38749873638153076
0.3045743405818939
0.23008885979652405
0.27500009536743164
0.2588436007499695
0.2821420431137085
0.3304901719093323
0.30306610465049744
0.26796749234199524
0.24455969035625458
0.20603330433368683
0.34596675634384155
0.3598286211490631
0.30316755175590515
0.2942523658275604
