0.6622149348258972
0.7183083891868591
0.6977503895759583
0.6920070052146912
0.6893260478973389
0.6977260112762451
0.701000452041626
0.6849668622016907
0.6712340712547302
0.7045706510543823
0.6809781789779663
0.7058148980140686
0.6863565444946289
0.6970862150192261
0.6908396482467651
0.6852865219116211
0.6908870339393616
0.6892781257629395
0.6822720766067505
0.6749899983406067
0.6815266013145447
0.670232892036438
0.6756488084793091
0.6798698902130127
0.6904563903808594
0.6783626079559326
0.6738433241844177
0.7009721398353577
0.6698067784309387
0.6698221564292908
0.6665670275688171
0.653981626033783
0.6763115525245667
0.6444424986839294
0.6536442637443542
0.6766456365585327
0.6487914323806763
0.644707202911377
0.6728776693344116
0.6542972326278687
0.654404878616333
0.6636495590209961
0.6734976172447205
0.6420447826385498
0.6584782004356384
0.6325750350952148
0.6300237774848938
0.6488184928894043
0.6350529789924622
0.6341733336448669
0.6453476548194885
0.6004995703697205
0.6511901617050171
0.6009235382080078
0.6720089912414551
0.6158016920089722
0.6082973480224609
0.6222230195999146
0.5591278672218323
0.6095674633979797
0.6219611763954163
0.6239713430404663
0.6416689157485962
0.6091441512107849
0.5854368209838867
0.6267691850662231
0.6133468151092529
0.5727797150611877
0.5449131727218628
0.610528826713562
0.6131269335746765
0.6067355275154114
0.5348752737045288
0.5538148283958435
0.5836806297302246
0.5482903122901917
0.6255258321762085
0.5462413430213928
0.5224918723106384
0.5572362542152405
0.5629804134368896
0.5537351965904236
0.5891836881637573
0.5318751931190491
0.5632196068763733
0.562574565410614
0.5642632842063904
0.5639587044715881
0.5517286658287048
0.5698227882385254
0.5143473148345947
0.5733456015586853
0.5102471113204956
0.5732696056365967
0.5465690493583679
0.5799670219421387
0.569364607334137
0.5078775882720947
0.5389938354492188
0.5258868932723999
0.5248815417289734
0.5783535242080688
0.5812854766845703
0.5507249236106873
0.5589483976364136
0.5347298383712769
0.47600042819976807
0.5753880143165588
0.5193156003952026
0.5034499168395996
0.5437319278717041
0.5240412950515747
0.5399919152259827
0.566801130771637
0.5556504726409912
0.5187563300132751
0.5393659472465515
0.48560622334480286
0.5108613967895508
0.4885152280330658
0.5429041385650635
0.5482123494148254
0.5397916436195374
0.5446091294288635
0.5692675709724426
0.5537007451057434
0.47954368591308594
0.5430543422698975
0.5652107000350952
0.5740228295326233
0.5637211799621582
0.5011836886405945
0.5464316010475159
0.5576210021972656
0.53328537940979
0.4734306037425995
0.4952184557914734
0.5389357805252075
0.555782675743103
0.5153881311416626
0.5828443169593811
0.4640945494174957
0.4997393786907196
0.5604292154312134
0.5079497694969177
0.6035775542259216
0.5189633965492249
0.5006024241447449
0.5137293338775635
0.5214657783508301
0.49029433727264404
0.5216897130012512
0.43999820947647095
0.5382016897201538
0.5651202201843262
0.5433658361434937
0.5544437170028687
0.42168158292770386
0.4931616485118866
0.4816596210002899
0.5230163931846619
0.46629059314727783
0.5015079379081726
0.5325157642364502
0.606553316116333
0.45595064759254456
0.47015896439552307
0.5142112970352173
0.44994091987609863
0.4712521433830261
0.46954667568206787
0.4848296344280243
0.4631095230579376
0.5001336932182312
0.46416088938713074
0.5123754143714905
0.5690953135490417
0.5487430691719055
0.5373910665512085
0.48635053634643555
0.4583757221698761
0.5356123447418213
0.5405426621437073
0.4833581745624542
0.43177321553230286
0.47980424761772156
0.4366438686847687
0.48111778497695923
0.484246164560318
0.49396711587905884
0.5093448758125305
0.5846033692359924
0.3949669301509857
0.6081638932228088
0.54682856798172
0.5462331771850586
0.4637630879878998
0.5449119210243225
0.5267438292503357
0.4918220043182373
0.49368247389793396
0.5627460479736328
0.44386282563209534
0.46879327297210693
0.452023446559906
0.5098181366920471
0.5157807469367981
0.49257051944732666
0.507102906703949
0.3926694691181183
0.47952595353126526
0.5066245198249817
0.5120482444763184
0.4736071527004242
0.493317186832428
0.4923018217086792
0.4965142607688904
0.39767783880233765
0.5732059478759766
0.4617244005203247
0.48126402497291565
0.5161354541778564
0.48505517840385437
0.5696136355400085
0.4785322844982147
0.5226317644119263
0.4713379442691803
0.46396368741989136
0.4730914831161499
0.4531586170196533
0.531402051448822
0.5371305346488953
0.48533234000205994
0.45766353607177734
0.5059409737586975
0.4221207797527313
0.4893427789211273
0.49997133016586304
0.5111449360847473
0.48282742500305176
0.45197388529777527
0.4709959030151367
0.5162972807884216
0.4829008877277374
0.47782886028289795
0.44367966055870056
0.47655966877937317
0.4627000391483307
0.5596133470535278
0.41081273555755615
0.4815894067287445
0.45314347743988037
0.48105886578559875
0.45901474356651306
0.37168577313423157
0.5201255679130554
0.44474905729293823
0.47637224197387695
0.4469166100025177
0.486540287733078
0.48557183146476746
0.4695027470588684
0.47991102933883667
0.4358772039413452
0.538686990737915
0.501673698425293
0.38485342264175415
0.47238996624946594
0.4529210925102234
0.5476444959640503
0.5154291987419128
0.5289127230644226
0.49803292751312256
0.4784075617790222
0.4593293368816376
0.4625292122364044
0.45489057898521423
0.4536972641944885
0.4699959456920624
0.48137593269348145
0.38780176639556885
0.3906298279762268
0.4594886898994446
0.4863872826099396
0.38504815101623535
0.44740182161331177
0.41656434535980225
0.4957459568977356
0.4185464382171631
0.40966907143592834
0.42346519231796265
0.41764217615127563
0.4824918508529663
0.4691925048828125
0.46235257387161255
0.4184715151786804
0.49246227741241455
0.505953848361969
0.4366760849952698
0.4577120542526245
0.5987284779548645
0.48502060770988464
0.4070548415184021
0.47955530881881714
0.42329534888267517
0.41014158725738525
0.3823596239089966
0.5846285820007324
0.420993447303772
0.43380510807037354
0.4658016860485077
0.4477491080760956
0.47300949692726135
0.404549241065979
0.4003875255584717
0.46738171577453613
0.4437059462070465
0.4222663342952728
0.4926217496395111
0.3782813251018524
0.4684586822986603
0.4174915850162506
0.4385925233364105
0.4783811569213867
0.36208224296569824
0.4231247007846832
0.42229893803596497
0.45580199360847473
0.38765519857406616
0.42473405599594116
0.3883764147758484
0.3948736786842346
0.46425026655197144
0.3663271367549896
0.4537784159183502
0.40721023082733154
0.4388235807418823
0.47939151525497437
0.44159066677093506
0.4455486536026001
0.44023188948631287
0.3665052354335785
0.4807606339454651
0.4923166334629059
0.43144041299819946
0.5200913548469543
0.5004176497459412
0.38738977909088135
0.5009358525276184
0.5241832137107849
0.4688318073749542
0.3314085006713867
0.5125772356987
0.4641895592212677
0.43750935792922974
0.49693986773490906
0.3954943120479584
0.508176863193512
0.5257183909416199
0.5083624124526978
0.5079109072685242
0.43522951006889343
0.39664599299430847
0.48511558771133423
0.4883860647678375
0.42529967427253723
0.41626623272895813
0.4429551362991333
0.3741655945777893
0.381145715713501
0.4073183536529541
0.3989006578922272
0.36741092801094055
0.44063347578048706
0.42894282937049866
0.46826109290122986
0.4437806308269501
0.5111939907073975
0.4575521647930145
0.36565086245536804
0.5913121104240417
0.3978239595890045
0.37012606859207153
0.37366220355033875
0.43658360838890076
0.41795942187309265
0.3982809782028198
0.4348607361316681
0.478854775428772
0.3981688618659973
0.43057551980018616
0.42931994795799255
0.49407297372817993
0.38450953364372253
0.4656151235103607
0.39029550552368164
0.4616720676422119
0.46830275654792786
0.47866302728652954
0.505346953868866
0.46435800194740295
0.45388689637184143
0.4975704252719879
0.4836123287677765
0.45084017515182495
0.48907655477523804
0.46783822774887085
0.35261622071266174
0.416061669588089
0.48787200450897217
0.37842464447021484
0.4547172784805298
0.39558738470077515
0.37879428267478943
0.4543783962726593
0.43685537576675415
0.3729006350040436
0.41151389479637146
0.39426547288894653
0.5337799191474915
0.3814213275909424
0.3898732364177704
0.47585529088974
0.47752174735069275
0.38180649280548096
0.4347447454929352
0.3804658055305481
0.4425371587276459
0.45731988549232483
0.42111027240753174
0.40592536330223083
0.4025540053844452
0.515816867351532
0.36795276403427124
0.2847020626068115
0.4608715772628784
0.4022722542285919
0.4241790473461151
0.3303814232349396
0.34962016344070435
0.3800954818725586
0.4961155951023102
0.3561626076698303
0.4447024464607239
0.4646032750606537
0.46218234300613403
0.33740049600601196
0.37109625339508057
0.39010778069496155
0.4104751944541931
0.38655373454093933
0.4435764253139496
0.34062692523002625
0.48336175084114075
0.4531961679458618
0.3776402473449707
0.41550585627555847
0.4153869152069092
0.36866509914398193
0.3764781355857849
0.4936286211013794
0.27889564633369446
0.47560182213783264
0.5036261677742004
0.462032288312912
0.3237324655056
0.430389940738678
0.3586316704750061
0.48652786016464233
0.38475555181503296
0.38562244176864624
0.4463302195072174
0.4452876150608063
0.404625803232193
0.46071380376815796
0.376034140586853
0.5331668257713318
0.45743536949157715
0.3832661211490631
0.47382450103759766
0.4217383563518524
0.45620137453079224
0.39505505561828613
0.4310578405857086
0.39441993832588196
0.3541346490383148
0.4046589732170105
0.4541674256324768
0.4181876480579376
0.4408770799636841
0.4238905906677246
0.458118736743927
0.4131036102771759
0.36168786883354187
0.4776498079299927
0.3708449602127075
0.3323838412761688
0.4893662631511688
0.49628016352653503
0.4150235950946808
0.39891356229782104
0.4664194881916046
0.4236568808555603
0.37440013885498047
0.4196750223636627
0.510616660118103
0.38623788952827454
0.44729509949684143
0.4378576874732971
0.41344091296195984
0.3087100684642792
0.39630308747291565
0.4350875914096832
0.3295872211456299
0.33360350131988525
0.38483309745788574
0.3963291645050049
0.3832951486110687
0.3933749794960022
0.41353291273117065
0.41442200541496277
0.43319058418273926
0.3784201741218567
0.43457847833633423
0.5081841349601746
0.48964646458625793
0.4351172149181366
0.4767182767391205
0.3648601472377777
0.45807451009750366
0.48752477765083313
0.4020875096321106
0.32821112871170044
0.388015478849411
0.44017499685287476
0.4966876208782196
0.3669171631336212
0.3968404531478882
0.39137759804725647
0.3711410462856293
0.4112619161605835
0.4122025966644287
0.44001615047454834
0.38667285442352295
0.3941939175128937
0.3749113380908966
0.4384170472621918
0.41050487756729126
0.34483325481414795
0.4590645134449005
0.43156835436820984
0.3641112148761749
0.4015246331691742
0.38614875078201294
0.374058336019516
0.48400282859802246
0.37480631470680237
0.49357667565345764
0.41265028715133667
0.48708128929138184
0.4183240532875061
0.3844466507434845
0.34319189190864563
0.3740014135837555
0.3697133958339691
0.4792463779449463
0.35432562232017517
0.37144458293914795
0.41049715876579285
0.3877201974391937
0.49253010749816895
0.4350292980670929
0.49010908603668213
0.37129271030426025
0.3700921833515167
0.3674072027206421
0.3683174252510071
0.46911272406578064
0.473386287689209
0.5307536721229553
0.45276200771331787
0.35100752115249634
0.3723917007446289
0.3726748824119568
0.3831440806388855
0.40843427181243896
0.40167152881622314
0.38005703687667847
0.31984931230545044
0.37657618522644043
0.3486718237400055
0.3498121500015259
0.33422455191612244
0.39169201254844666
0.3724479079246521
0.41775861382484436
0.33224037289619446
0.3668101131916046
0.3113718330860138
0.4091983735561371
0.43282145261764526
0.4290854334831238
0.4912261664867401
0.3835655152797699
0.3912739157676697
0.38541895151138306
0.3519335687160492
0.3591802716255188
0.4188855290412903
0.4031643569469452
0.4679061770439148
0.30216899514198303
0.38663744926452637
0.43460169434547424
0.37765926122665405
0.31575068831443787
0.38546112179756165
0.41844257712364197
0.28234460949897766
0.3800630569458008
0.44139108061790466
0.41216960549354553
0.4697304964065552
0.440783828496933
0.38552331924438477
0.42411744594573975
0.36129170656204224
0.45984992384910583
0.4124188721179962
0.4123837649822235
0.3796136677265167
0.3993625044822693
0.4259737730026245
0.41426193714141846
0.347721129655838
0.35232770442962646
0.3393568992614746
0.3150789439678192
0.37889328598976135
0.3438837230205536
0.3938690721988678
0.39291754364967346
0.4145502746105194
0.46231982111930847
0.3222458064556122
0.39572930335998535
0.34488412737846375
0.36828258633613586
0.3726532459259033
0.34951457381248474
0.4649466574192047
0.4015725255012512
0.4475040137767792
0.35031166672706604
0.38547077775001526
0.3833909034729004
0.3972400724887848
0.36988744139671326
0.41352736949920654
0.3548455834388733
0.4175846576690674
0.37194064259529114
0.42918655276298523
0.3191370964050293
0.4376564621925354
0.4665432572364807
0.3949568569660187
0.46057501435279846
0.26831212639808655
0.3329009711742401
0.38762280344963074
0.3455572724342346
0.32267576456069946
0.373026043176651
0.3633584678173065
0.4198575019836426
0.39305004477500916
0.4163148105144501
0.30997106432914734
0.3940766155719757
0.3437774181365967
0.3645983040332794
0.34223297238349915
0.4725881516933441
0.4328325688838959
0.4047694504261017
0.3708333671092987
0.4359830319881439
0.4141559302806854
0.3623632788658142
0.3814553916454315
0.3616262972354889
0.3974132239818573
0.3508247137069702
0.36276400089263916
0.28960856795310974
0.3328619599342346
0.33701908588409424
0.4154623746871948
0.4248422384262085
0.40712252259254456
0.35146573185920715
0.4109332263469696
0.37993407249450684
0.38802865147590637
0.43332618474960327
0.328685462474823
0.3284153640270233
0.4279274046421051
0.3365309536457062
0.3925568759441376
0.39087384939193726
0.3414096236228943
0.37763237953186035
0.3132792115211487
0.37681153416633606
0.3178260624408722
0.42115354537963867
0.32889610528945923
0.29449576139450073
0.3649258017539978
0.38462862372398376
0.3314967453479767
0.34730711579322815
0.3288574814796448
0.3550054132938385
0.42588457465171814
0.2871718108654022
0.28298285603523254
0.30888381600379944
0.4055899977684021
0.4153062701225281
0.36143457889556885
0.40529048442840576
0.28490227460861206
0.4164219796657562
0.34191596508026123
0.38151633739471436
0.3921183943748474
0.4201290011405945
0.39057251811027527
0.3110155165195465
0.3920343220233917
0.4846487045288086
0.3880592882633209
0.3991808593273163
0.3400798439979553
0.31706324219703674
0.42198431491851807
0.4398559033870697
0.2606051564216614
0.41845789551734924
0.3599673807621002
0.3578494191169739
0.3070351481437683
0.30485281348228455
0.46549755334854126
0.3914845883846283
0.41671091318130493
0.35130825638771057
0.3558201491832733
0.37289413809776306
0.38933053612709045
0.34683194756507874
0.3450146019458771
0.41717055439949036
0.34638071060180664
0.4040156900882721
0.4328669309616089
0.3738507926464081
0.3680669665336609
0.34148603677749634
0.3677854835987091
0.3327410817146301
0.3689250349998474
0.3691408634185791
0.4052947759628296
0.360195517539978
0.43312695622444153
0.2973460853099823
0.42518529295921326
0.38149240612983704
0.40227288007736206
0.4065960943698883
0.38613855838775635
0.3178422451019287
0.35110172629356384
0.43269848823547363
0.37123721837997437
0.42220553755760193
0.3520048260688782
0.46944379806518555
0.3997523784637451
0.37897351384162903
0.3412451446056366
0.49361786246299744
0.3453473150730133
0.3684709370136261
0.36768102645874023
0.3457161486148834
0.36594173312187195
0.40629592537879944
0.3175027668476105
0.3674098551273346
0.3317791819572449
0.3899635374546051
0.28674572706222534
0.4004289507865906
0.3456236720085144
0.3680867552757263
0.33050981163978577
0.3089657425880432
0.36247798800468445
0.3834398090839386
0.3115285634994507
0.3704453110694885
0.39377427101135254
0.32424649596214294
0.39941883087158203
0.3149201571941376
0.33228951692581177
0.33629417419433594
0.34564173221588135
0.3249795436859131
0.3335269093513489
0.4051514267921448
0.3606905937194824
0.4096153974533081
0.34721219539642334
0.35477057099342346
0.36437591910362244
0.3203077018260956
0.4013543426990509
0.31356164813041687
0.28890740871429443
0.2732839584350586
0.3572555482387543
0.3650239109992981
0.3585357367992401
0.38712355494499207
0.2722468078136444
0.3607954680919647
0.3206941783428192
0.2913872301578522
0.38962534070014954
0.35011279582977295
0.33714401721954346
0.3156079053878784
0.3259306848049164
0.43461453914642334
0.3512321412563324
0.39474523067474365
0.3791864514350891
0.38710471987724304
0.40611138939857483
0.4129321277141571
0.37274593114852905
0.3597852885723114
0.38429945707321167
0.3838682770729065
0.35832634568214417
0.2943592965602875
0.28248345851898193
0.35711631178855896
0.20747560262680054
0.39620691537857056
0.3069346249103546
0.35729077458381653
0.37250038981437683
0.34589946269989014
0.340071439743042
0.3180384933948517
0.3424155116081238
0.41481825709342957
0.33937880396842957
0.350961834192276
0.364694207906723
0.29976654052734375
0.38360273838043213
0.2563929855823517
0.2742733061313629
0.43419671058654785
0.4086301326751709
0.31308770179748535
0.3514989912509918
0.37540343403816223
0.4492955505847931
0.369952917098999
0.31651797890663147
0.32662177085876465
0.2820492684841156
0.3568101227283478
0.42298224568367004
0.31564709544181824
0.3483804762363434
0.33923155069351196
0.46460333466529846
0.4067905843257904
0.37884289026260376
0.3459426462650299
0.36234527826309204
0.2883242964744568
0.2676604986190796
0.30771055817604065
0.4430985450744629
0.3752747178077698
0.3656342923641205
0.3574075996875763
0.3043783903121948
0.3604492247104645
0.37028220295906067
0.38762032985687256
0.32421234250068665
0.39096805453300476
0.3568442463874817
0.30303144454956055
0.40070950984954834
0.36676856875419617
0.40717336535453796
0.31414204835891724
0.42997780442237854
0.4052737355232239
0.4117079973220825
0.3458183705806732
0.3418864607810974
0.32775241136550903
0.3648402690887451
0.35312721133232117
0.3054293692111969
0.3970775306224823
0.25787901878356934
0.370482861995697
0.3222076892852783
0.4037579298019409
0.29793304204940796
0.35513123869895935
0.3152782618999481
0.3224252164363861
0.31590354442596436
0.39353346824645996
0.37732335925102234
0.28643766045570374
0.2978660762310028
0.30854690074920654
0.3384530544281006
0.34956425428390503
0.3374498784542084
0.4176428020000458
0.3239051401615143
0.29813018441200256
0.31809887290000916
0.28084462881088257
0.3142479956150055
0.4502066969871521
0.23580273985862732
0.4757866859436035
0.36054033041000366
0.2624911069869995
0.34548887610435486
0.3383808135986328
0.38587686419487
0.3810889720916748
0.2774573564529419
0.3809032738208771
0.34029722213745117
0.3867090046405792
0.38444074988365173
0.41195765137672424
0.35915541648864746
0.3328067362308502
0.2881397604942322
0.30628567934036255
0.2982257306575775
0.2877476215362549
0.2734207808971405
0.3520677983760834
0.2472919225692749
0.2594601809978485
0.3726860284805298
0.23264619708061218
0.3509610593318939
0.3543349802494049
0.3404509723186493
0.33084461092948914
0.4134124219417572
0.4255048930644989
0.3276650607585907
0.3023204207420349
0.3555729389190674
0.37068819999694824
0.2865811884403229
0.36433151364326477
0.29674986004829407
0.36981216073036194
0.4251059591770172
0.3683239221572876
0.2951808273792267
0.2911885678768158
0.2717210054397583
0.32088831067085266
0.42315006256103516
0.35362544655799866
0.28724125027656555
0.33846795558929443
0.31855517625808716
0.2949356138706207
0.3568585515022278
0.2649044692516327
0.3486844301223755
0.41623741388320923
0.3983355760574341
0.29514080286026
0.41019928455352783
0.4327160120010376
0.35792669653892517
0.3290939927101135
0.3730281889438629
0.27538180351257324
0.33119022846221924
0.28129565715789795
0.293087899684906
0.31184878945350647
0.3429092764854431
0.35594141483306885
0.347551167011261
0.3605540990829468
0.27709269523620605
0.30243632197380066
0.3239414393901825
0.4149826765060425
0.2934419512748718
0.3123326897621155
0.35574644804000854
0.3180787265300751
0.3158234655857086
0.39531373977661133
0.34902188181877136
0.4092884361743927
0.35187819600105286
0.3376862108707428
0.4321320652961731
0.28981220722198486
0.36109963059425354
0.3753596842288971
0.3699032962322235
0.3378453850746155
0.30867403745651245
0.30573391914367676
0.3440210223197937
0.2707218825817108
0.3945893347263336
0.35068604350090027
0.37390461564064026
0.4038468301296234
0.36581477522850037
0.24937117099761963
0.31765520572662354
0.3432498276233673
0.37357932329177856
0.3655317723751068
0.29749783873558044
0.3075060546398163
0.2887113392353058
0.32352563738822937
0.3086552321910858
0.3499400019645691
0.3267754912376404
0.28113269805908203
0.39604634046554565
0.3985879421234131
0.3436465263366699
0.34324896335601807
0.36013004183769226
0.3437449038028717
0.32315728068351746
0.3904816806316376
0.34825587272644043
0.34325912594795227
0.2924421429634094
0.3563942015171051
0.37220215797424316
0.35218602418899536
0.3461505174636841
0.3887915313243866
0.27065080404281616
0.3027086853981018
0.3512217402458191
0.37008732557296753
0.31348946690559387
0.27418798208236694
0.32642897963523865
0.36884814500808716
0.27170509099960327
0.2738339304924011
0.36620715260505676
0.2304297685623169
0.24827615916728973
0.4169851541519165
0.33137696981430054
0.3108556270599365
0.3939134478569031
0.33477503061294556
0.3158102035522461
0.40235471725463867
0.3523654341697693
0.26435691118240356
0.3755090832710266
0.39099738001823425
0.35466283559799194
0.3218596279621124
0.3280993402004242
0.36653807759284973
0.278364360332489
0.35043489933013916
0.3127391040325165
0.3357790410518646
0.32287847995758057
0.340516597032547
0.24947576224803925
0.3179725706577301
0.352264940738678
0.28499090671539307
0.25262174010276794
0.37293729186058044
0.3136323094367981
0.3139612376689911
0.3015038073062897
0.3189818859100342
0.3636055588722229
0.37694093585014343
0.2688143849372864
0.32649922370910645
0.40860235691070557
0.43957892060279846
0.274672269821167
0.37601786851882935
0.26071685552597046
0.4367530345916748
0.20637460052967072
0.38506394624710083
0.30006909370422363
0.35184696316719055
0.3117496967315674
0.4144100248813629
0.34361380338668823
0.2950771749019623
0.3625863492488861
0.30488690733909607
0.30506759881973267
0.33079439401626587
0.34227454662323
0.28642934560775757
0.2810845971107483
0.32920533418655396
0.29556021094322205
0.33490467071533203
0.3934122920036316
0.2864758372306824
0.2761057913303375
0.3263884484767914
0.3503977954387665
0.2969141900539398
0.3927783668041229
0.2538774311542511
0.4118589460849762
0.28305718302726746
0.27160778641700745
0.3877287209033966
0.35092034935951233
0.3028421103954315
0.36014658212661743
0.37665271759033203
0.2960664629936218
0.3784811198711395
0.36762216687202454
0.28967994451522827
0.24797505140304565
0.336098313331604
0.3605223000049591
0.25101879239082336
0.3248450756072998
0.3501076400279999
0.28955990076065063
0.3376445770263672
0.3191092014312744
0.361167848110199
0.35062429308891296
0.3023224472999573
0.30330678820610046
0.3286934196949005
0.3449708819389343
0.3215852379798889
0.35292792320251465
0.3127373456954956
0.25659239292144775
0.37582018971443176
0.3870428502559662
0.28302064538002014
0.36746761202812195
0.3264308571815491
0.36162999272346497
0.3405377268791199
0.4240220785140991
0.30992820858955383
0.3364664614200592
0.3517243564128876
0.39731886982917786
0.3976376950740814
0.33270585536956787
0.3588721454143524
0.3772312104701996
0.2536509335041046
0.3181897699832916
0.303257554769516
0.27479270100593567
0.36250215768814087
0.2479022592306137
0.2641739249229431
0.2999669909477234
0.2657557725906372
0.289468914270401
0.303855836391449
0.3026481866836548
0.3162311613559723
0.28819963335990906
0.36171722412109375
0.3816848695278168
0.3478037416934967
0.3361499309539795
0.36320990324020386
0.31430256366729736
0.2590174674987793
0.32183393836021423
0.2796870768070221
0.3071301579475403
0.29514509439468384
0.33817750215530396
0.24963895976543427
0.3712414503097534
0.2944648265838623
0.3026960492134094
0.3301767408847809
0.33475515246391296
0.32333070039749146
0.3201250731945038
0.24187853932380676
0.20588211715221405
0.2548104524612427
0.33665987849235535
0.3150286376476288
0.3218505084514618
0.36373311281204224
0.32049328088760376
0.33779478073120117
0.3572254776954651
0.29986700415611267
0.3338843882083893
0.32516178488731384
0.2603466212749481
0.35131365060806274
0.3606310188770294
0.20969945192337036
0.3962489664554596
0.2822535037994385
0.3047754168510437
0.3166661858558655
0.38937047123908997
0.29648351669311523
0.35737523436546326
0.3437950611114502
0.3337847888469696
0.3009818196296692
0.2983805537223816
0.3307422399520874
0.29461756348609924
0.30212169885635376
0.25682029128074646
0.40122348070144653
0.3723224401473999
0.32724347710609436
0.2989964187145233
0.3478289246559143
0.3976761996746063
0.21855711936950684
0.3080730736255646
0.2897842526435852
0.3534344434738159
0.2697373628616333
0.3517540991306305
0.2986461818218231
0.392809122800827
0.296286016702652
0.2916710078716278
0.3053780198097229
0.3457959294319153
0.28737783432006836
0.2634633779525757
0.30965158343315125
0.3440402150154114
0.43649056553840637
0.26279476284980774
0.2552240490913391
0.3818562924861908
0.3031994700431824
0.3199802041053772
0.35230302810668945
0.3662440776824951
0.39293214678764343
0.29466935992240906
0.307189017534256
0.2652527391910553
0.2907716929912567
0.2640472650527954
0.29464903473854065
0.33236220479011536
0.34424203634262085
0.24145929515361786
0.3213484585285187
0.26945242285728455
0.33659806847572327
0.27238383889198303
0.3755902349948883
0.31944191455841064
0.21643921732902527
0.2794577479362488
0.3360137343406677
0.24940815567970276
0.34221744537353516
0.3383186459541321
0.29637351632118225
0.36964941024780273
0.35988953709602356
0.27454352378845215
0.3132491111755371
0.28741195797920227
0.34540268778800964
0.2913447320461273
0.3041943609714508
0.35930362343788147
0.35616058111190796
0.2853194773197174
0.3170284628868103
0.31368786096572876
0.34447991847991943
0.39074012637138367
0.35150498151779175
0.30296531319618225
0.44524839520454407
0.4241332709789276
0.35041484236717224
0.4269547164440155
0.37358951568603516
0.3519009053707123
0.32584667205810547
0.3859441578388214
0.21459129452705383
0.29771578311920166
0.29453667998313904
0.38461852073669434
0.34372666478157043
0.28425332903862
0.38550183176994324
0.3088928461074829
0.34297069907188416
0.3366803824901581
0.32506462931632996
0.3827672004699707
0.36275556683540344
0.4072456955909729
0.36971116065979004
0.35403546690940857
0.30082452297210693
0.3116239905357361
0.2927919626235962
0.3209601938724518
0.31359320878982544
0.3227121829986572
0.292898952960968
0.24954786896705627
0.30246344208717346
0.30652710795402527
0.31514865159988403
0.3123578727245331
0.31286194920539856
0.34007886052131653
0.3277691900730133
0.3476051986217499
0.34305593371391296
0.344922810792923
0.30509355664253235
0.3670213222503662
0.3449307978153229
0.3431703746318817
0.37339240312576294
0.31659621000289917
0.22289961576461792
0.2430059015750885
0.3365088105201721
0.3611370027065277
0.34944090247154236
0.35323458909988403
0.32644158601760864
0.2935127913951874
0.325408011674881
0.3229844570159912
0.2915295660495758
0.3097558319568634
0.32585760951042175
0.2568228840827942
0.2797456979751587
0.3287222981452942
0.2686719596385956
0.25786134600639343
0.2732464075088501
0.27726680040359497
0.2793809473514557
0.33182981610298157
0.34146755933761597
0.27639976143836975
0.3358860909938812
0.32446256279945374
0.30703485012054443
0.3396631181240082
0.3432508111000061
0.2835500240325928
0.24381616711616516
0.3087747395038605
0.3335578739643097
0.3654212951660156
0.28138142824172974
0.3493892550468445
0.30437296628952026
0.23255608975887299
0.26218080520629883
0.3568454086780548
0.22470802068710327
0.3623361885547638
0.3239903450012207
0.2655688226222992
0.3129682242870331
0.3285064101219177
0.3735128343105316
0.29937508702278137
0.30666878819465637
0.3528358042240143
0.22949184477329254
0.3467984199523926
0.3311554491519928
0.3165249228477478
0.26082926988601685
0.3581807613372803
0.3744567334651947
0.4198518395423889
0.35787487030029297
0.2713390588760376
0.27229440212249756
0.24619300663471222
0.3502526581287384
0.2693406641483307
0.3070012927055359
0.3229134976863861
0.2763231694698334
0.30134546756744385
0.3388863801956177
0.2624048888683319
0.2891044318675995
0.22432774305343628
0.3782680034637451
0.2589634656906128
0.28468501567840576
0.2730567753314972
0.32457318902015686
0.3472118079662323
0.2781890332698822
0.40550684928894043
0.3060593008995056
0.341578871011734
0.407524973154068
0.30274879932403564
0.2724892795085907
0.3517615795135498
0.2793487012386322
0.2736573815345764
0.28379303216934204
0.3475954532623291
0.18824876844882965
0.3028925061225891
0.31979867815971375
0.3012344241142273
0.23167401552200317
0.33697912096977234
0.24817346036434174
0.2724132239818573
0.26730749011039734
0.2779639959335327
0.28382787108421326
0.28449225425720215
0.3514721989631653
0.3437546193599701
0.2632467448711395
0.3516331911087036
0.3414612114429474
0.2757766544818878
0.20279324054718018
0.23941729962825775
0.3534938097000122
0.30443134903907776
0.3275350332260132
0.28858205676078796
0.3645826280117035
0.3163194954395294
0.33069175481796265
0.36933988332748413
0.31450170278549194
0.30400770902633667
0.3479423522949219
0.3122108578681946
0.2668188810348511
0.2583148777484894
0.350521057844162
0.26216962933540344
0.3903975784778595
0.27279767394065857
0.3148824870586395
0.37144142389297485
0.39605775475502014
0.3262505829334259
0.33630332350730896
0.2681823968887329
0.32378166913986206
0.33440038561820984
0.3473086357116699
0.3443640470504761
0.34121954441070557
0.2937924563884735
0.29204902052879333
0.33965155482292175
0.34990745782852173
0.33554407954216003
0.2601413428783417
0.29645782709121704
0.39996227622032166
0.30138933658599854
0.24556700885295868
0.4754249155521393
0.2646317780017853
0.2834858000278473
0.3351304531097412
0.34279176592826843
0.29748743772506714
0.28195616602897644
0.33054062724113464
0.3152458965778351
0.26151520013809204
0.28146910667419434
0.3744940459728241
0.3868156671524048
0.26856449246406555
0.34354013204574585
0.33854445815086365
0.33148977160453796
0.3045126497745514
0.3242303729057312
0.3788089454174042
0.2960757613182068
0.27173328399658203
0.35470306873321533
0.2610163688659668
0.41053348779678345
0.30099958181381226
0.27147287130355835
0.3037416338920593
0.29777395725250244
0.3448280990123749
0.2801511287689209
0.3341626226902008
0.4018385410308838
0.29883843660354614
0.2655314803123474
0.4087783992290497
0.38323158025741577
0.3603430688381195
0.3604041635990143
0.3208761513233185
0.32290253043174744
0.278469443321228
0.28096258640289307
0.36459386348724365
0.3511929214000702
0.29897311329841614
0.2836594879627228
0.3041849136352539
0.252092570066452
0.28186288475990295
0.26222750544548035
0.3151285946369171
0.4129151999950409
0.28543394804000854
0.31207364797592163
0.28962060809135437
0.31918883323669434
0.24555428326129913
0.2914470136165619
0.22208723425865173
0.27155518531799316
0.2988305985927582
0.29632171988487244
0.2875884175300598
0.2977108955383301
0.4809046983718872
0.2668834924697876
0.2849169969558716
0.3439585566520691
0.40047693252563477
0.22055207192897797
0.2903292775154114
0.3156116008758545
0.3854030668735504
0.312690407037735
0.30905064940452576
0.25530731678009033
0.30358612537384033
0.28028813004493713
0.26054367423057556
0.2827850878238678
0.38442525267601013
0.28140923380851746
0.26464083790779114
0.3624230623245239
0.35052528977394104
0.2901333272457123
0.2869302034378052
0.3870506286621094
0.3466581106185913
0.31482505798339844
0.3063986599445343
0.3119370937347412
0.3601140081882477
0.3621887266635895
0.28245705366134644
0.32157719135284424
0.31057676672935486
0.2509521543979645
0.2556792199611664
0.3293344974517822
0.30344030261039734
0.2496044784784317
0.2650178372859955
0.2734294831752777
0.2508578896522522
0.3187623918056488
0.2657143175601959
0.3219464123249054
0.25635987520217896
0.3156018555164337
0.3588697016239166
0.2702517509460449
0.3428565561771393
0.31545335054397583
0.33791062235832214
0.33260658383369446
0.263219952583313
0.2891756296157837
0.2291966676712036
0.29943835735321045
0.3071894645690918
0.3951619565486908
0.2451673299074173
0.2491787075996399
0.3243218660354614
0.35465818643569946
0.30014756321907043
0.2884949743747711
0.3693844676017761
0.23310071229934692
0.24775145947933197
0.3763679265975952
0.2503538429737091
0.3583323359489441
0.2661617696285248
0.22164641320705414
0.33105775713920593
0.35674118995666504
0.3867529034614563
0.2719437777996063
0.33142727613449097
0.21064315736293793
0.3335475027561188
0.33855101466178894
0.2390046864748001
0.30322715640068054
0.31552714109420776
0.3553414046764374
0.36319807171821594
0.3252297639846802
0.3129268288612366
0.29898953437805176
0.38039660453796387
0.32385551929473877
0.310852974653244
0.33434078097343445
0.3737236261367798
0.31723007559776306
0.3105088174343109
0.35315805673599243
0.2806042730808258
0.3990410268306732
0.34652090072631836
0.30851203203201294
0.22062461078166962
0.3665331304073334
0.3197184205055237
0.37209269404411316
0.38126617670059204
0.3677064776420593
0.37306472659111023
0.33551743626594543
0.1868963986635208
0.25730982422828674
0.3644310235977173
0.25931790471076965
0.2906242609024048
0.29359763860702515
0.2951180636882782
0.2251216024160385
0.26423072814941406
0.2588604688644409
0.30859991908073425
0.2653476595878601
0.34756770730018616
0.26946401596069336
0.27775946259498596
0.22882063686847687
0.39234673976898193
0.3248297870159149
0.2740804851055145
0.29055947065353394
0.3003444969654083
0.2192515879869461
0.4113346338272095
0.2086544930934906
0.206281840801239
0.33625972270965576
0.3488926291465759
0.35552170872688293
0.22858792543411255
0.2894153892993927
0.18656034767627716
0.33647632598876953
0.24936707317829132
0.2507774531841278
0.25904303789138794
0.29313382506370544
0.30348342657089233
0.34398919343948364
0.2961379587650299
0.19105492532253265
0.24094830453395844
0.3165275752544403
0.34001651406288147
0.36950787901878357
0.34797707200050354
0.32454103231430054
0.25158774852752686
0.30229267477989197
0.20631340146064758
0.2636367380619049
0.40619057416915894
0.2488888055086136
0.3749285042285919
0.3401464819908142
0.3852671980857849
0.21744771301746368
0.26605188846588135
0.2901124358177185
0.21679791808128357
0.3022008240222931
0.2628934979438782
0.32271483540534973
0.29810935258865356
0.3050611913204193
0.3290395140647888
0.2882689833641052
0.4162870943546295
0.24623027443885803
0.3000512421131134
0.2809138000011444
0.24210301041603088
0.2524925470352173
0.3567065894603729
0.36265498399734497
0.29791757464408875
0.33287808299064636
0.2552143931388855
0.27959510684013367
0.2299899458885193
0.2559742331504822
0.31230536103248596
0.24399976432323456
0.24668093025684357
0.2955096662044525
0.2930665612220764
0.22376467287540436
0.2988426387310028
0.36369481682777405
0.31278491020202637
0.2901173233985901
0.33884984254837036
0.3044111728668213
0.3211848735809326
0.2482297122478485
0.31224325299263
0.3411555886268616
0.324881374835968
0.25950342416763306
0.26083818078041077
0.3180687427520752
0.33539265394210815
0.33360370993614197
0.28043729066848755
0.2199862152338028
0.32208019495010376
0.32095634937286377
0.2772918939590454
0.2648909091949463
0.31741878390312195
0.281976580619812
0.2916688621044159
0.3737863600254059
0.30325138568878174
0.3021230399608612
0.30998867750167847
0.26105669140815735
0.3354649841785431
0.3187980353832245
0.29681482911109924
0.34594494104385376
0.3337991535663605
0.293134480714798
0.32692474126815796
0.34297260642051697
0.3537876009941101
0.31503570079803467
0.29968148469924927
0.2412765920162201
0.35179445147514343
0.31869226694107056
0.2914850115776062
0.35485684871673584
0.3144187331199646
0.27101972699165344
0.29142946004867554
0.2807484269142151
0.3134702742099762
0.3083396553993225
0.26575949788093567
0.2923615574836731
0.33275896310806274
0.30740079283714294
0.32840216159820557
0.2930121123790741
0.36164331436157227
0.29096725583076477
0.31492286920547485
0.2513979375362396
0.3294202387332916
0.2802989184856415
0.2356281578540802
0.24977648258209229
0.3634326756000519
0.2679743468761444
0.23522639274597168
0.28333544731140137
0.31816643476486206
0.3300013244152069
